38
38
37
37
39
0
0
194
243
150
219
271
440
222
239
177
338
399
357
477
298
378
403
379
369
388
434
421
424
424
260
214
178
130
134
0
0
120
404
0
440
234
379
385
385
386
388
389
391
392
394
394
395
397
398
399
400
400
402
402
403
404
405
405
407
407
0
0
0
315
396
412
387
440
216
83
340
0
0
304
308
313
318
323
325
327
330
333
334
336
338
339
340
342
342
344
345
345
346
346
346
346
347
347
348
348
348
349
349
350
351
351
351
351
352
352
352
352
352
352
352
352
353
353
353
353
353
354
354
354
354
354
354
355
355
355
356
357
357
357
356
357
356
357
357
357
356
357
358
359
358
358
358
360
359
358
358
358
358
358
359
359
359
359
358
358
358
359
359
358
358
357
357
357
357
356
356
389
382
381
380
379
379
377
377
0
0

